Examples of slerp2 better than slerp:

vec0 = [ 0.08561666157009085, 0.39994772459314465, -0.06301386201867776, -0.0397386072835737, -0.30142649567658486, -0.9290013691030672, -0.816383956440464, -0.6785691224766321, 0.13584964988706405,...]

vec1 = [ -0.9763343020878634, -0.6441795740446283, -0.9007334580299406, 0.8187725457733908, 0.37340874848630357, 0.4166556883854895, -0.8688790405556917, -0.006337048125247602, -0.4456957274405424, -0.5386513412317744,...]

z = torch.from_numpy(np.random.randn(1, G.z_dim)).to(device)


stylegan

z = [[-2.1686e+00,  5.4810e-01,  5.0233e-01,  4.1394e-01,  1.5546e-01,
         -1.6148e+00, -3.3968e-01, -1.9126e-01,  6.5828e-01, -9.3965e-01,
          8.7365e-01, -1.0058e+00, -2.5251e-01, -6.3827e-01,  4.2208e-01,
          8.8576e-03,  1.7906e+00, -6.7431e-01,  2.1747e-01, -2.8372e+00,
          2.3484e+00,  1.6158e+00, -1.8591e+00,  2.2059e-01, -7.4885e-01,
          7.0312e-01, -8.2507e-01, -2.8916e-01,  9.4228e-01,  1.0756e+00,
         -8.8659e-01,  1.2000e+00,  4.5349e-02, -5.6888e-02, -9.5046e-01,
          1.4999e-01,  1.0130e-01, -4.4685e-02,  6.3969e-01, -6.2166e-01,
         -1.2673e+00,  2.0834e-01,  9.4084e-01, -1.3677e+00, -2.1899e+00,
          2.9215e-02, -1.1774e+00, -2.2699e-01,  2.0285e-01, -2.2499e-01,
         -8.2858e-02, -1.9438e-01, -4.6871e-01,  4.2183e-01, -2.7948e-01,
         -5.0978e-01,  1.2209e+00,  1.0908e+00,  5.9587e-01,  1.5571e+00,
         -2.9952e-02, -7.0614e-01, -2.4742e+00, -5.7800e-01, -9.7858e-01,
          2.1756e+00, -7.2049e-02, -9.5914e-02,  1.0732e+00, -9.9753e-01,
          4.8119e-01,  6.8874e-01,  7.5291e-01,  7.9076e-01, -1.0065e+00,
          1.6420e+00,  1.4140e+00, -4.5658e-02, -1.3451e-01,  3.1492e+00,
          9.3347e-01,  5.9467e-02,  9.9237e-01, -2.1304e-01,  6.5543e-01,
         -3.0039e-01, -1.4219e+00, -1.2220e-01, -7.6759e-01,  5.7147e-01,
         -8.5687e-01,  4.3123e-01,  7.2525e-01,  8.7374e-01, -6.7430e-04,
         -1.0512e+00, -9.6617e-01, -9.4820e-01,  1.5178e+00,  2.8932e-01,
         -6.5911e-01, -8.0100e-01,  1.3502e-01, -1.4556e+00, -2.2451e-01,
         -1.6345e-01, -8.9046e-02, -6.9392e-01, -1.2285e+00, -1.6508e+00,
         -8.0397e-02,  1.5229e+00,  1.8780e-01, -1.3528e+00, -1.3577e-01,
         -1.3230e+00, -1.6230e+00, -1.6990e+00, -5.3282e-01, -7.2171e-01,
          1.7890e+00,  2.8927e+00,  1.2318e-01,  2.1462e-01, -1.7051e+00,
         -5.5784e-01, -1.0576e+00, -5.4756e-01, -2.4169e-01, -3.0757e-01,
          2.1644e-01,  1.1701e+00, -3.9396e-01, -2.0146e-01, -6.9124e-01,
          1.1599e+00, -1.3392e-01,  8.6502e-01,  9.3643e-01, -7.6045e-01,
          9.0746e-02, -2.0386e-01,  1.6919e-01,  6.3528e-01, -1.6926e-01,
          5.1540e-01, -2.7252e-01,  1.1924e+00, -9.7768e-01,  1.2530e-01,
         -6.6919e-01, -1.0253e+00, -3.8591e-01, -1.5517e-01,  4.5794e-01,
         -1.1669e+00,  3.2477e-01, -1.0576e+00, -6.8698e-01, -2.7051e-03,
         -4.6920e-01, -8.8876e-01, -3.7853e-01,  1.0779e+00, -3.2099e-02,
         -5.9139e-01, -4.4892e-01,  3.4823e-01, -1.4324e+00, -1.6995e-01,
         -3.2946e-02, -1.3430e+00, -1.4485e+00, -6.1900e-02, -3.6615e-01,
          1.2808e+00,  4.7522e-01,  3.7680e-01,  2.6040e+00, -2.3191e-01,
          1.1175e+00,  1.2853e+00,  2.1877e-01,  1.0523e+00, -1.6239e+00,
          1.2414e+00, -1.3474e-01, -5.7757e-01, -4.8210e-01, -1.0506e-02,
         -9.8266e-02, -8.4362e-01,  3.5439e-01,  6.8049e-01,  7.1590e-01,
          5.4771e-01, -6.9484e-01,  6.4484e-01,  3.9641e-01,  5.7037e-01,
         -1.7928e+00, -1.5850e-01, -1.5994e+00, -1.9171e+00, -1.1899e+00,
          1.4830e+00, -2.3445e+00,  4.7839e-01,  1.0174e-01,  8.5313e-01,
         -2.6210e-01,  7.0350e-03, -2.9707e-02, -1.0749e+00, -1.0776e+00,
          2.3266e-01,  1.3369e+00,  8.0082e-01, -4.7998e-01,  5.1560e-01,
          2.6495e-02,  6.8512e-01, -5.1103e-01,  7.5900e-01, -3.2552e-01,
          3.8579e-01, -4.3595e-01,  8.2778e-01,  1.5562e+00, -8.4328e-01,
          4.0403e-01,  2.6112e+00,  1.3068e+00, -6.7926e-02, -2.1089e-02,
         -4.3839e-01,  1.0395e-01, -2.0795e+00,  4.5311e-01,  7.5687e-01,
          1.4284e-01,  1.5347e-01, -8.4885e-01, -2.5405e+00, -4.0221e-01,
          3.9722e-01,  1.1722e+00, -9.2722e-01, -6.1871e-01, -1.1576e-01,
          3.1011e-02, -2.0244e-01,  1.7010e-02,  1.2529e+00, -2.8604e-01,
          5.6428e-01, -2.0187e-01,  2.8356e+00, -5.7371e-01, -2.6154e-01,
         -5.1367e-02,  3.0352e-02, -4.5296e-01, -7.1029e-01,  1.0277e-01,
         -1.5863e+00,  4.8552e-01,  3.7702e-01,  2.6488e-01,  1.5668e+00,
          3.9992e-01, -4.2676e-01, -4.5057e-01,  1.6797e+00, -9.2196e-01,
         -3.6957e-01,  5.4897e-01,  2.0833e+00, -6.6346e-01, -1.3199e+00,
         -6.6443e-01, -8.3411e-01, -7.5369e-01,  8.6847e-01,  5.1396e-01,
          1.9652e-01, -1.1330e+00,  8.2676e-01, -6.1671e-01, -2.1612e-01,
         -4.8117e-02, -1.4274e-01,  6.4591e-01, -1.8931e+00,  2.9605e-01,
         -1.4236e+00, -9.7044e-01,  4.4018e-01,  2.3459e+00, -4.0806e-01,
          2.1056e-01, -9.0973e-01, -2.3901e-01, -3.5724e-02, -2.1110e+00,
         -6.6078e-01, -1.6856e+00,  9.5488e-01,  8.1656e-01,  7.3914e-01,
         -5.1170e-01, -9.7124e-01, -9.1403e-01, -1.3197e-01,  1.1870e+00,
         -6.9769e-01, -4.0479e-01, -1.5750e+00, -9.7737e-01, -2.4333e-01,
         -1.0158e+00, -6.9854e-01,  1.8266e+00, -9.4810e-01, -1.0117e+00,
          6.4653e-01, -2.2517e+00,  6.5040e-01,  9.1470e-01, -1.9167e+00,
         -1.2936e+00,  9.3845e-01, -5.9062e-01, -6.2933e-01,  3.1017e-01,
         -1.4586e+00,  2.7136e-01, -4.0031e-01,  2.8357e+00, -4.1062e-01,
          1.4875e-01, -5.4253e-01, -2.3798e-02,  2.1913e+00,  7.9348e-01,
         -1.8132e+00, -6.7139e-01, -4.7776e-01,  1.7576e+00,  1.0997e+00,
         -1.0927e+00,  3.9296e-02,  1.3891e+00,  1.0107e+00, -2.1769e+00,
         -1.0331e+00, -1.3203e+00, -8.0613e-01,  6.2986e-01, -8.0011e-01,
         -1.0397e+00,  6.8762e-01,  6.2787e-01, -1.3620e+00, -5.4590e-01,
          1.2423e-01,  6.9169e-01, -5.0812e-01, -1.1846e-01, -1.3823e+00,
         -6.6718e-01, -9.2048e-01, -1.4599e+00,  1.9873e+00, -9.1675e-01,
         -4.0389e-01,  1.2418e+00,  5.8277e-01,  1.5260e+00,  4.3854e-02,
         -1.3212e+00,  3.0619e-03, -1.7070e+00, -2.5047e-01, -9.5340e-01,
         -3.6411e-01,  4.5189e-02, -8.0670e-01,  2.3768e-01,  2.1523e+00,
          6.4091e-01,  1.1722e+00,  5.1822e-01, -1.0536e-01, -7.0922e-01,
          1.9856e+00,  8.1924e-01, -8.0935e-01, -6.0333e-01,  7.0832e-01,
          1.0855e+00,  4.2300e-01,  1.4713e+00, -1.4817e-01, -1.2262e+00,
         -6.0552e-01, -1.4206e+00, -9.0151e-01,  9.5160e-01,  5.1819e-01,
          2.7892e+00,  4.8627e-01, -2.1865e-01,  1.5741e-01,  1.0810e+00,
         -1.4251e+00, -1.9139e-01,  7.7198e-01,  6.3545e-01, -1.0786e+00,
          5.5492e-01, -9.7536e-01,  1.7936e-01, -2.3234e-01, -7.5344e-01,
          3.1737e-01,  6.6194e-01, -1.2453e+00, -2.5266e-01,  1.6562e+00,
          6.2796e-01, -4.8067e-01, -9.5888e-01, -1.1372e+00, -1.0033e+00,
          4.6714e-01,  2.3065e-01,  6.0538e-01, -8.9936e-01, -8.4467e-01,
         -7.4268e-01, -1.5207e+00,  7.0444e-01,  5.8949e-01, -1.7737e+00,
         -8.7140e-01, -1.0267e+00,  2.5496e-01,  1.2273e-01, -1.6125e+00,
          8.2591e-01, -3.1021e-01, -1.5465e+00,  9.7906e-01, -1.0366e+00,
          1.1986e+00, -3.0410e-01, -7.9633e-01, -4.7733e-01, -6.9074e-01,
         -7.3456e-02, -3.4245e-01,  1.0344e+00,  2.9850e-01, -8.4923e-01,
         -1.3242e+00,  4.4302e-01,  6.1492e-01,  5.7842e-01, -5.3392e-01,
          1.0226e+00, -2.1717e+00, -5.6602e-01, -4.2404e-01,  9.7406e-02,
          1.4828e+00, -2.3438e-01,  9.6959e-01,  4.2271e-01, -2.6863e+00,
          1.2573e+00,  1.4329e-01,  1.1853e+00,  1.2994e+00, -1.5165e+00,
         -2.9611e-01,  8.2082e-01, -6.0774e-01, -3.0162e+00, -1.0096e+00,
         -9.3715e-01, -6.2953e-01, -1.4207e+00,  3.7543e-01,  1.5254e-01,
          8.5881e-01,  6.6293e-01,  2.4027e+00, -4.4758e-01, -7.4644e-01,
         -6.1131e-01,  1.5634e-01,  1.1091e+00,  9.3994e-01,  1.7423e+00,
          2.8675e-01,  4.6807e-02, -1.3596e+00,  4.9933e-01,  9.9350e-01,
         -7.6568e-01, -6.3185e-01]
         
degen_near_origin:

start = z, stop = z + 1e-4

degen_near_origin_with_scale

start = z * 0.9999
stop = z * 1.0001 + 1e-4

Actually random:

start = [-0.2045, -0.8386, -1.4156, -0.7256,  0.1360, -0.1853,  0.4803, -0.6289,
          1.0107,  1.9130, -1.8453,  0.5757, -0.6822,  2.0340, -2.5911, -0.9779,
          0.6242,  1.5291, -0.4755,  0.3432, -1.8250, -0.2541,  0.3807, -0.3470,
         -0.2606,  0.5000,  0.0643, -0.4362,  0.4470, -0.6308,  0.0425,  1.2025,
          1.4004, -0.1763, -0.6963, -0.2919, -0.7252, -0.6400,  0.4869,  1.5145,
         -1.1609,  0.7448,  2.0421, -2.9165,  0.3386, -0.6121, -0.9858, -0.2354,
         -1.7778,  0.9151, -0.9828, -0.1888,  0.0265, -0.4587, -1.3165,  1.5196,
         -0.0365, -1.4723, -0.0699, -1.2446,  0.0073, -0.3731, -0.5924, -2.4097,
          0.1762, -0.6313, -1.1825,  2.1151, -0.9555,  2.4343, -1.3856,  0.9867,
          0.2669,  2.1149,  0.7384, -0.0969,  1.4649, -0.9022,  1.6443,  1.0525,
         -0.6560,  0.2598, -0.2619,  0.6586, -1.5607, -1.5063, -0.5627,  0.0630,
         -0.3768, -0.9259,  1.3706,  1.7789, -2.2256, -0.3677, -0.2434,  0.4309,
         -0.1162, -0.0381,  0.5227, -0.1040, -0.5649,  1.5476, -0.7445,  0.6848,
          1.2242, -0.3164, -0.2303, -0.6902, -0.6675, -0.1492,  0.3844,  0.9781,
          0.5931, -0.2561,  1.7261, -0.4124, -0.2982,  0.4969, -0.1398, -1.2454,
         -0.3508,  1.0397, -1.5583, -2.7300,  1.2241, -0.3988, -1.5733, -0.4209,
          0.0030, -1.0207, -0.8058, -0.1049,  0.1441, -0.3844, -1.0700,  1.7345,
         -1.3620, -0.0685, -0.7462,  0.4376, -2.3222,  0.3248,  0.9855, -2.6708,
         -1.7616, -0.9680,  0.2809, -1.4720, -0.3852, -1.1204,  2.5216,  2.7135,
         -0.6596,  0.3642, -1.4687, -0.8206, -0.3963, -0.6239, -0.0570,  0.5612,
         -0.1907, -1.6744,  1.6102, -1.8427,  0.5284,  0.4727,  1.0936, -0.4536,
         -1.3974, -0.6879, -0.2586,  0.7857,  1.2080,  1.4934, -1.8826, -0.0828,
         -0.9389,  0.3650,  1.6376, -1.0531,  1.5191,  2.0393, -0.5369,  0.5413,
          2.1963, -0.7580,  0.1876, -0.1977,  0.9617, -1.1250,  1.2456,  1.0067,
          0.6263, -0.7218,  0.9352,  0.4947, -0.6304,  1.0174, -0.4648,  0.2048,
         -1.7232,  1.5144,  1.4692,  0.7928,  0.3999,  0.5211, -0.1082, -1.7810,
         -1.1821, -0.1123,  0.9120, -0.4411, -0.1871,  0.5167,  0.7076,  0.3210,
          0.9621,  1.0538,  0.8691,  0.3422,  0.1314,  0.6224,  0.0312, -1.7070,
         -0.6423, -0.6421, -0.9066,  0.3280,  2.0250,  0.5432, -0.0444, -1.0907,
         -0.0774,  0.5685,  0.5782, -0.7509,  0.3328, -0.9298, -2.6098,  0.6963,
         -0.5715,  0.6100,  0.7284, -0.0976, -1.5428,  0.0986,  1.2696,  0.5095,
          1.8347, -0.2878,  1.3611, -1.6690, -3.0359,  1.9739, -1.6108,  2.9397,
         -1.2423,  1.5931, -1.2727, -1.5557, -0.8636,  0.0775, -0.1695, -1.0636,
         -0.5269,  2.2630, -0.5101, -0.2680, -2.2475, -0.7703, -0.4157,  0.6896,
         -1.0416,  0.5692,  0.5350,  1.3292, -1.4798, -0.1558,  0.0335,  0.7407,
          1.9793,  0.8907, -0.2831,  0.6430, -1.2993, -1.1131,  0.2341,  0.9427,
          1.1729, -0.9357,  0.2477, -0.9626, -1.8615,  1.5343, -0.7375, -0.6505,
          0.7551, -2.4211,  0.8213, -1.8498,  1.7692,  0.0710, -0.6209, -1.5109,
          0.9084,  0.4076,  1.0281,  0.9644,  0.5830,  1.1834, -0.7352, -0.2278,
         -1.1791, -0.6805, -0.2772, -0.6113,  0.8869,  0.0958,  1.6530, -0.2093,
         -1.1351,  1.0325,  0.9437,  1.2420, -0.1124,  1.3148,  0.4953,  0.4166,
         -0.0829, -0.3706, -1.4657, -1.9621, -1.1397, -1.0677, -0.5472, -0.1973,
          0.0685,  1.0612, -0.5272,  1.8139, -0.1348,  0.2152,  1.1915, -1.2910,
          2.1353, -0.1116,  0.8983, -0.2664,  1.0168,  0.4112,  0.8549,  1.0628,
          0.5480, -0.1767, -1.5847,  0.4096,  0.7078, -0.4978,  0.3325,  2.1734,
         -0.3701,  0.6368, -0.4516,  0.2270, -1.1708, -1.9613,  1.2174, -0.2834,
         -0.5590,  0.1100,  0.4600, -0.5568, -0.2179, -0.9025, -0.4957,  0.5158,
         -0.8326,  0.3282, -0.8915, -0.0824, -0.3253, -1.2802, -0.9299,  0.5687,
          0.4169,  0.0240, -0.1145,  0.7093, -1.6012,  1.2228,  0.2041, -0.6655,
          1.1151,  1.3876, -1.2745, -0.2671,  1.9318, -1.0945,  0.9178,  0.3715,
         -2.4354, -0.2671,  1.1360,  0.9377,  0.6127,  0.0746, -0.0965, -2.1408,
         -0.4028, -0.1886,  0.5790,  0.7289, -0.0185,  0.9471,  0.9283,  0.3398,
          1.7337,  0.6400,  0.6902, -0.3685,  0.8572, -0.2471,  1.6061, -1.6080,
         -0.4605,  0.1485,  0.3399, -1.5356,  0.3457, -0.6995,  1.1773, -0.7479,
         -0.7770,  2.7019,  0.8550, -0.3392, -0.0247, -0.4310, -1.0645,  1.6199,
          0.8381,  0.3805,  0.7775,  0.3666,  1.2690, -0.3171, -1.7634, -0.6264,
         -2.3152, -2.1276, -1.3719, -0.4452, -1.8192, -0.8427, -0.9935,  2.9330,
          0.7272,  0.1677, -1.0478, -0.5739, -0.7238,  0.3449, -1.4610,  0.9705,
         -0.0118,  1.0023, -0.3632, -0.2586, -1.0341, -0.2283, -0.6643, -0.6210,
          0.3051, -1.4285, -0.8326,  0.0107, -1.0865,  1.2054, -0.3352,  0.8553,
          0.1328, -1.4628, -2.0994,  0.6288, -2.2276, -0.8097, -0.0554, -0.4760,
         -0.9950,  2.6652, -0.3914, -0.5440,  0.3303,  0.5130,  0.0929, -0.0723,
         -0.3136, -0.3370,  0.1347, -0.8175, -0.1104, -0.2020, -1.0150,  1.1537,
         -1.3093, -0.6385,  0.9032,  1.4955, -0.0572,  0.2840,  0.3718,  0.3717]
         
stop = [ 1.6819e+00, -1.2195e+00,  6.7345e-01,  6.8896e-01,  3.0743e-02,
         -4.2538e-01, -1.0945e+00, -5.8753e-01,  1.0408e+00, -2.6237e-02,
          4.4071e-02, -1.4917e+00,  6.2073e-02, -1.1110e+00, -2.1005e+00,
         -6.7008e-01, -2.4493e-01, -5.1756e-02,  3.1843e-01,  1.3010e+00,
         -9.7276e-01,  3.3823e-01,  1.2572e+00,  7.2233e-01, -4.9356e-01,
          3.1489e+00, -1.4999e+00, -1.1630e-01,  2.0931e-01, -5.9437e-01,
         -1.0581e+00, -2.3682e-01,  1.1306e+00,  2.3132e+00,  1.6918e-01,
         -8.6641e-01,  1.4231e+00, -8.9567e-01,  2.3826e-01, -1.0645e+00,
         -1.1997e+00,  8.9670e-01, -6.1439e-01, -3.3512e-01, -6.1967e-01,
          1.7524e+00,  6.6864e-01, -1.1731e+00,  1.6610e+00,  9.1342e-01,
          2.0490e+00, -1.4893e+00, -5.6217e-01, -9.2629e-01, -1.6218e+00,
          6.5181e-01, -1.9905e-01,  2.6578e-01,  2.3156e-01, -3.6223e-02,
         -5.3924e-01, -1.2088e+00,  6.7447e-01,  5.8231e-01,  1.2392e+00,
         -2.7906e-01,  3.9715e-01,  3.2633e-01,  5.4203e-02,  1.8583e-01,
          6.7438e-01, -1.4691e+00,  1.6181e+00,  1.4606e+00, -1.7203e+00,
         -1.6424e+00,  6.9693e-01, -7.9149e-02, -2.9416e-01,  2.2115e+00,
          1.0981e-01, -1.1285e+00, -8.7271e-01, -2.9682e-02,  9.1313e-01,
         -2.9603e-01, -6.1293e-02,  1.1276e+00, -1.1123e+00,  4.8963e-01,
         -4.9625e-02,  1.2328e+00, -2.1825e+00,  1.4301e-01, -9.1679e-01,
         -1.0705e+00, -5.8160e-01, -8.1744e-01, -4.0841e-01,  9.2258e-01,
         -9.4851e-01,  1.6514e+00, -8.6978e-01,  2.7516e-01,  4.9395e-02,
         -7.8304e-01, -1.1796e+00,  3.0994e+00, -1.9549e+00,  1.3805e-01,
          2.1819e-01,  8.0019e-01,  4.3455e-01,  1.6773e+00,  9.0625e-01,
         -2.4634e-01,  9.0264e-01,  1.0123e+00,  7.8811e-01,  7.9901e-01,
          1.1680e+00,  7.1223e-01, -1.3617e+00,  9.8709e-01,  6.1423e-01,
          1.9215e+00,  1.9908e-01, -7.8211e-01,  3.0861e-01,  1.7258e-01,
         -7.8028e-01, -3.1017e+00, -9.4979e-01, -2.4948e-01,  4.6306e-01,
          1.7448e+00, -5.6650e-01, -1.5947e+00, -9.4342e-01, -1.7210e+00,
          2.0772e-01,  5.6282e-02,  3.3730e-01, -4.0049e-01,  9.1689e-01,
          5.0187e-01,  9.9769e-01,  9.4172e-02, -5.3849e-01,  1.7966e+00,
         -9.4306e-01, -4.5288e-01, -2.0070e-01,  1.1017e+00,  1.3878e+00,
          7.8829e-01,  1.7246e-01, -2.2648e-01, -1.1596e+00, -1.6241e+00,
          8.2721e-01,  8.2786e-01,  3.6923e-01,  6.8949e-01, -1.4305e-01,
         -9.2672e-01,  2.2573e+00, -5.3262e-02,  1.6374e-01, -8.3793e-01,
          1.3149e+00, -1.3664e+00,  2.2137e+00, -1.6474e+00,  3.9686e-02,
          1.5005e+00,  8.9862e-02, -1.7550e+00,  1.6717e+00,  5.3809e-01,
          5.4757e-01,  7.2492e-03, -6.1114e-01,  3.4751e-02, -6.4956e-02,
         -1.3376e+00,  2.1563e-01,  1.4250e+00,  1.0805e+00, -3.7170e-01,
          1.5346e-01, -1.0638e+00, -8.7940e-01, -8.1129e-01,  1.8150e+00,
         -9.2054e-01, -1.3717e+00,  1.3802e+00,  6.3428e-01,  2.5183e-01,
          1.0290e+00, -1.4911e+00, -9.2229e-01,  1.8163e-02, -9.9572e-01,
          6.1527e-01, -3.0542e-01,  3.5640e-01,  6.0220e-01, -9.0381e-02,
         -2.0519e+00,  1.2017e+00, -1.5589e+00,  1.3981e+00,  9.6375e-01,
          1.2097e+00, -8.5174e-01, -1.8722e+00,  7.0800e-02, -2.0572e+00,
         -3.4886e-01, -1.6897e+00,  6.1694e-01, -1.2127e+00,  3.3881e-01,
         -2.6490e-01, -3.0298e-01, -1.9209e+00, -2.2448e-01, -2.7260e+00,
          1.9733e-01,  1.5273e+00, -2.5793e+00,  1.3122e-01,  1.8260e-01,
         -1.0358e+00,  6.4320e-02, -6.9629e-01, -4.2423e-01, -1.7030e+00,
          4.7070e-01, -4.3920e-01,  7.9025e-01, -7.5264e-01,  9.6653e-01,
         -1.2444e+00, -1.5940e-02,  1.4756e+00, -8.8513e-01, -5.6537e-02,
         -9.3226e-01, -8.4953e-01,  7.1495e-01,  1.5670e+00, -5.8485e-01,
          1.6243e+00, -1.1247e+00,  9.8086e-01, -9.0567e-01,  6.8774e-01,
         -5.7401e-01,  2.3516e+00, -1.6240e+00,  5.7304e-01,  5.2468e-01,
         -1.0145e+00,  5.7346e-01,  6.2563e-01, -1.4868e+00, -1.9327e+00,
         -1.5329e+00, -1.1372e+00,  9.9869e-01, -2.7587e-01,  9.8029e-01,
         -6.0141e-01, -1.3707e+00, -7.9481e-02,  6.9014e-01,  6.9764e-02,
          1.2153e+00, -1.4363e-02,  1.5820e+00,  1.5025e-02, -1.7537e-01,
         -1.2827e-01,  5.5884e-02, -1.0700e+00,  5.4739e-02, -1.5414e+00,
         -9.0556e-01, -1.1403e-01, -4.2309e-02,  1.1386e-01,  8.1116e-01,
         -2.5035e-01, -1.5367e+00,  6.4091e-01, -4.9850e-01, -5.5300e-01,
          4.1482e-01,  1.1754e+00, -6.8439e-02,  6.9253e-01,  4.4461e-01,
          7.5824e-01,  2.6842e-01,  3.4528e-01, -1.0002e+00,  3.2953e-01,
          2.4653e-01, -4.4187e-02, -2.2534e+00,  2.0588e+00,  1.3898e+00,
          9.2474e-01, -1.5360e+00, -1.0763e+00, -8.8367e-01,  6.2128e-01,
         -7.6754e-01,  4.0463e-02, -4.9324e-01,  1.1959e+00,  3.0237e+00,
         -3.9565e-01, -1.4109e+00, -5.3531e-01, -2.0048e-01, -1.5867e+00,
         -8.2291e-01, -4.8254e-01,  5.7856e-01, -2.0204e-01, -2.4941e-01,
          5.6133e-01,  2.8472e-01, -9.3951e-01, -5.7546e-01,  3.6638e-01,
         -8.6176e-01,  7.2005e-01,  1.4763e+00, -7.0886e-02, -9.8181e-01,
          8.0713e-01, -1.0073e+00, -5.7226e-01, -1.2036e+00,  3.0494e-01,
         -1.5019e+00,  2.6951e-01, -6.0587e-01,  1.9169e+00, -1.8651e-01,
         -1.2938e+00, -1.8670e-01, -2.2735e+00,  4.9236e-01,  2.9760e+00,
         -7.8665e-01, -4.3377e-01,  1.1215e+00, -6.6897e-02,  6.9191e-01,
          1.7458e+00,  8.2247e-01,  4.7720e-01,  5.9345e-01,  1.3467e-01,
         -9.1206e-01,  4.1027e-01,  9.1251e-01,  1.6358e-01, -2.1477e+00,
          2.2513e-01,  6.1807e-01,  1.3408e+00, -1.1064e+00, -8.6612e-01,
         -4.7237e-01, -1.6737e-01, -2.3115e-01,  1.5475e+00,  4.7209e-01,
          1.1953e+00, -9.9252e-01,  4.8448e-01, -7.4590e-01,  1.1006e+00,
          4.0440e-01,  1.9639e+00, -4.6843e-01, -2.0725e-01, -1.1518e+00,
          1.3864e+00,  7.2498e-01,  6.6421e-01, -1.9946e-01, -2.9402e-01,
          6.1561e-01,  1.0799e-01,  6.4005e-02,  3.8517e-01,  2.9046e-01,
          5.0638e-01,  1.1922e+00, -4.5927e-01,  5.3867e-02, -2.2805e-01,
          7.0758e-01,  1.1860e+00,  1.4165e+00, -8.1353e-01,  4.0784e-01,
          1.9131e+00,  4.4783e-01, -1.3441e-01, -2.3649e+00, -8.6611e-01,
         -3.1121e-01, -1.0080e+00, -2.6980e-01, -1.4228e+00,  3.6286e-01,
         -2.3661e-01, -1.5460e+00, -4.6380e-01, -1.6561e-01,  8.3094e-01,
          2.0555e-03, -1.3385e+00,  6.8770e-01,  1.5696e+00, -1.8902e+00,
          1.1990e+00,  7.0981e-01, -5.7197e-01, -4.8118e-01, -7.0857e-01,
          4.8792e-01, -6.6289e-01,  1.4225e+00, -1.0781e-02, -5.8304e-01,
          7.7968e-01, -7.0684e-01, -1.2617e-01, -4.8526e-01,  7.9453e-01,
         -7.9100e-01, -3.9169e-01, -4.0833e-02,  3.6089e-02,  4.3464e-02,
          5.9526e-01, -2.6378e+00, -8.6379e-01, -6.2575e-01, -3.6478e-01,
         -4.1798e-01, -8.6893e-01, -8.4314e-01, -2.4628e+00, -7.0472e-01,
          1.4517e+00,  2.2052e+00,  1.5131e+00, -1.0655e+00, -6.9215e-01,
          7.1859e-02,  2.3613e+00, -2.5550e-01, -2.4779e-01,  9.9846e-01,
          2.6627e-01, -1.6401e-01, -1.1828e+00, -4.4447e-01,  1.1300e-01,
         -9.9375e-01, -1.1879e-01,  6.0326e-01, -1.2811e-01, -4.1571e-02,
          3.4890e-01,  8.9430e-01,  1.0816e+00, -1.1217e+00, -4.2023e-01,
         -6.2798e-01, -2.7573e-01,  6.0386e-02,  4.1174e-02,  1.0888e+00,
         -4.6127e-01,  1.5897e+00, -6.8565e-01, -1.5354e+00,  6.3698e-01,
          5.6208e-01,  6.4415e-01, -7.8504e-01,  6.2447e-01,  2.3176e-02,
          7.3952e-01, -2.7825e-01,  5.5606e-01, -2.4363e-01,  1.4302e-01,
         -1.3858e+00, -8.6917e-01]

